0 65 30 6 549
1 65 15 7 638
2 65 41 7 741
3 65 38 7 995
4 65 18 7 707
5 66 49 7 856
6 66 49 8 591
7 66 26 8 771
8 66 9 8 982
9 66 18 8 597
10 66 37 8 609
11 67 26 9 582
12 67 20 9 790
13 67 21 9 632
14 67 36 9 730
15 67 24 9 816
16 67 12 10 779
17 68 30 10 675
18 68 38 10 915
19 68 26 10 859
20 68 43 11 607
21 68 29 11 558
22 68 26 11 816
23 68 45 11 565
24 69 47 11 652
25 69 39 12 627
26 69 36 12 752
27 69 19 12 549
28 69 14 12 577
29 69 22 13 723
30 69 17 13 781
31 70 30 13 979
32 70 17 13 878
33 70 29 14 747
34 70 6 14 757
35 70 27 14 689
36 70 35 14 590
37 70 44 15 926
38 71 50 15 909
39 71 14 15 545
40 71 30 15 521
41 71 9 16 527
42 71 41 16 586
43 71 8 16 594
44 71 27 16 955
45 71 25 17 891
46 71 21 17 945
47 72 28 17 716
48 72 50 17 918
49 72 14 17 758
50 72 47 18 977
51 72 30 18 555
52 72 20 18 730
53 72 28 18 542
54 72 17 19 910
55 72 28 19 681
56 72 28 19 666
57 73 16 19 768
58 73 23 19 621
59 73 22 20 520
60 73 47 20 692
61 73 42 20 548
62 73 23 20 855
63 73 42 21 757
64 73 9 21 879
65 73 50 21 603
66 73 44 21 618
67 73 33 21 998
68 73 46 21 682
69 73 44 22 926
70 74 20 22 816
71 74 22 22 628
72 74 33 22 948
73 74 16 22 858
74 74 44 22 742
75 74 21 23 941
76 74 10 23 592
77 74 35 23 922
78 74 44 23 719
79 74 10 23 683
80 74 9 23 557
81 74 13 23 926
82 74 40 23 789
83 74 16 24 864
84 74 39 24 737
85 74 13 24 943
86 74 41 24 973
87 74 7 24 719
88 74 30 24 728
89 74 31 24 918
90 74 22 24 745
91 74 35 24 930
92 74 11 24 859
93 74 9 24 774
94 74 6 24 520
95 74 13 24 733
96 74 18 24 594
97 74 38 24 997
98 74 42 24 522
99 74 15 24 771
100 75 26 25 513
101 74 22 24 840
102 74 9 24 583
103 74 5 24 579
104 74 33 24 714
105 74 22 24 874
106 74 23 24 518
107 74 39 24 791
108 74 50 24 598
109 74 16 24 756
110 74 49 24 846
111 74 44 24 727
112 74 16 24 627
113 74 12 24 724
114 74 50 24 755
115 74 31 24 688
116 74 14 24 762
117 74 39 24 916
118 74 18 23 852
119 74 34 23 868
120 74 44 23 925
121 74 12 23 771
122 74 45 23 829
123 74 24 23 961
124 74 29 23 945
125 74 42 23 881
126 74 45 22 834
127 74 29 22 628
128 74 28 22 577
129 74 49 22 781
130 74 23 22 941
131 73 32 22 643
132 73 7 21 808
133 73 6 21 800
134 73 41 21 748
135 73 13 21 640
136 73 16 21 779
137 73 37 21 725
138 73 10 20 747
139 73 34 20 520
140 73 32 20 802
141 73 37 20 626
142 73 28 19 754
143 73 35 19 710
144 72 25 19 545
145 72 48 19 863
146 72 28 19 780
147 72 23 18 563
148 72 46 18 608
149 72 39 18 872
150 72 36 18 892
151 72 5 17 844
152 72 22 17 821
153 72 10 17 985
154 71 32 17 692
155 71 30 17 853
156 71 19 16 726
157 71 48 16 655
158 71 7 16 707
159 71 33 16 871
160 71 28 15 849
161 71 9 15 572
162 71 38 15 576
163 70 26 15 728
164 70 19 14 940
165 70 41 14 793
166 70 49 14 572
167 70 8 14 931
168 70 12 13 553
169 70 17 13 629
170 69 21 13 601
171 69 37 13 909
172 69 38 12 918
173 69 48 12 671
174 69 6 12 956
175 69 45 12 553
176 69 33 11 673
177 68 32 11 921
178 68 15 11 724
179 68 33 11 858
180 68 42 11 706
181 68 13 10 674
182 68 19 10 886
183 68 34 10 599
184 67 46 10 913
185 67 23 9 886
186 67 18 9 726
187 67 37 9 606
188 67 40 9 846
189 67 46 9 889
190 66 37 8 869
191 66 15 8 801
192 66 43 8 850
193 66 50 8 961
194 66 9 8 813
195 66 10 7 822
196 65 24 7 881
197 65 14 7 861
198 65 45 7 997
199 65 16 7 658
