0 65 24 6 807
1 65 25 7 603
2 65 24 7 809
3 65 34 7 997
4 65 17 7 525
5 66 17 7 826
6 66 10 8 614
7 66 28 8 945
8 66 11 8 911
9 66 45 8 927
10 66 42 8 504
11 67 36 9 560
12 67 28 9 586
13 67 32 9 958
14 67 37 9 649
15 67 50 9 739
16 67 44 10 667
17 68 16 10 970
18 68 5 10 854
19 68 39 10 844
20 68 10 11 986
21 68 50 11 657
22 68 45 11 980
23 68 22 11 682
24 69 16 11 606
25 69 38 12 884
26 69 7 12 714
27 69 16 12 809
28 69 32 12 784
29 69 15 13 522
30 69 45 13 928
31 70 39 13 689
32 70 36 13 680
33 70 10 14 717
34 70 18 14 978
35 70 5 14 854
36 70 18 14 757
37 70 23 15 759
38 71 6 15 947
39 71 48 15 821
40 71 8 15 891
41 71 50 16 894
42 71 19 16 934
43 71 21 16 667
44 71 11 16 891
45 71 38 17 547
46 71 29 17 621
47 72 22 17 786
48 72 24 17 709
49 72 25 17 512
50 72 45 18 990
51 72 35 18 949
52 72 25 18 781
53 72 19 18 836
54 72 39 19 659
55 72 35 19 958
56 72 7 19 524
57 73 36 19 708
58 73 29 19 977
59 73 16 20 771
60 73 21 20 695
61 73 42 20 831
62 73 10 20 580
63 73 31 21 629
64 73 27 21 876
65 73 18 21 830
66 73 8 21 804
67 73 32 21 808
68 73 27 21 538
69 73 14 22 925
70 74 26 22 901
71 74 46 22 784
72 74 47 22 720
73 74 17 22 682
74 74 37 22 713
75 74 41 23 693
76 74 17 23 986
77 74 23 23 812
78 74 50 23 513
79 74 31 23 606
80 74 25 23 984
81 74 31 23 579
82 74 8 23 875
83 74 34 24 757
84 74 21 24 510
85 74 43 24 546
86 74 32 24 564
87 74 40 24 502
88 74 47 24 638
89 74 42 24 966
90 74 5 24 576
91 74 38 24 891
92 74 40 24 579
93 74 16 24 787
94 74 7 24 524
95 74 12 24 871
96 74 27 24 574
97 74 13 24 852
98 74 12 24 767
99 74 13 24 781
100 75 12 25 755
101 74 6 24 984
102 74 20 24 753
103 74 17 24 872
104 74 34 24 996
105 74 26 24 810
106 74 16 24 688
107 74 27 24 782
108 74 38 24 957
109 74 50 24 752
110 74 41 24 770
111 74 45 24 953
112 74 13 24 602
113 74 32 24 790
114 74 18 24 851
115 74 45 24 656
116 74 22 24 623
117 74 39 24 685
118 74 38 23 502
119 74 33 23 874
120 74 36 23 807
121 74 50 23 999
122 74 24 23 616
123 74 49 23 946
124 74 23 23 541
125 74 19 23 863
126 74 26 22 751
127 74 30 22 986
128 74 30 22 733
129 74 31 22 586
130 74 41 22 612
131 73 39 22 719
132 73 28 21 582
133 73 26 21 790
134 73 8 21 629
135 73 46 21 507
136 73 48 21 748
137 73 34 21 911
138 73 40 20 754
139 73 45 20 947
140 73 16 20 589
141 73 20 20 531
142 73 30 19 718
143 73 48 19 563
144 72 13 19 774
145 72 16 19 603
146 72 27 19 600
147 72 27 18 751
148 72 45 18 681
149 72 37 18 783
150 72 28 18 700
151 72 45 17 709
152 72 47 17 642
153 72 26 17 705
154 71 40 17 821
155 71 6 17 785
156 71 37 16 709
157 71 26 16 636
158 71 27 16 707
159 71 45 16 724
160 71 45 15 721
161 71 20 15 619
162 71 49 15 992
163 70 48 15 988
164 70 34 14 626
165 70 46 14 774
166 70 40 14 639
167 70 12 14 893
168 70 21 13 580
169 70 29 13 624
170 69 35 13 999
171 69 8 13 968
172 69 27 12 510
173 69 13 12 867
174 69 35 12 705
175 69 18 12 550
176 69 19 11 940
177 68 37 11 702
178 68 7 11 782
179 68 5 11 760
180 68 14 11 997
181 68 27 10 898
182 68 23 10 940
183 68 26 10 619
184 67 9 10 651
185 67 34 9 934
186 67 9 9 678
187 67 21 9 714
188 67 6 9 871
189 67 23 9 685
190 66 32 8 931
191 66 47 8 907
192 66 5 8 963
193 66 7 8 706
194 66 33 8 605
195 66 32 7 755
196 65 36 7 567
197 65 10 7 841
198 65 7 7 522
199 65 23 7 894
